[-3.39734653e-01 -2.99932004e-01 -1.19882846e-01  1.18502293e-02
 -8.77804133e-02 -2.44829759e-01 -1.92594062e-01  2.62086369e-02
  3.78552610e-02 -1.03554847e-01 -7.11175595e-02 -1.70189138e-03
 -2.37398816e-04 -2.32662446e-01 -1.57391662e-01 -1.49686392e-01
 -1.44190519e-01 -1.51548668e-01 -4.17555484e-02 -1.90796352e-01
 -7.52097023e-02 -2.74608691e-01  9.06837539e-02 -8.69457731e-02
 -1.21089510e-02 -7.14081497e-02 -9.30925733e-02 -1.74205065e-02
  6.78889661e-02 -3.09020959e-02 -7.02201197e-02  7.10135042e-02
 -8.15161532e-02 -1.90812951e-02 -4.58850596e-01 -2.74608691e-01
 -1.90796352e-01 -9.90547241e-02  1.87830676e-01  1.75893402e-01
 -2.87012277e-01 -4.38992965e-01 -1.23029822e-01 -1.09321559e-01
 -5.97442988e-02  6.72783247e-03  3.32987665e-02 -1.40587959e-01
 -1.74772523e-01 -3.67200369e-02  2.28405028e-01  6.51399080e-02
 -9.09042517e-02 -1.07102986e-01 -9.12331523e-02 -1.36390125e-01
 -8.38143490e-02 -1.31247799e-02 -1.24905073e-03 -6.78710574e-04
  1.28241058e-01 -2.62127191e-01  7.94096030e-02 -3.58443045e-01
 -1.25065614e-01 -2.97494498e-01 -3.50228373e-01 -1.23319616e-01
 -7.32879972e-02 -6.21849196e-02 -2.26458781e-01 -4.73662861e-01
 -3.61816826e-01 -8.61928896e-01  2.64492086e-02 -8.07971091e-01
 -2.75085956e-02 -3.53891349e-01 -1.37801108e-01 -3.10352711e-01
 -2.58560284e-02 -7.57849116e-03 -3.56153965e-01  3.77583584e-04
 -1.58022465e-02 -3.50859017e-02 -2.05700345e-03 -2.26124407e-02
 -3.23425293e-03 -2.71119884e-02  3.16096849e-04 -2.88835850e-03
 -1.40752996e-02 -1.48446196e-02 -3.08323508e-03 -4.86864018e-03
 -4.90848816e-03  4.16380159e-03  7.11832168e-03 -9.88200525e-03
 -1.34741671e-03 -1.97303632e-02 -1.13401323e-01 -5.37660820e-03
 -5.07058525e-04 -2.04076318e-03 -1.42694234e-02 -3.91331274e-03
 -1.59101740e-03 -6.70153615e-03 -6.16162085e-04 -7.34255194e-03
 -9.48002687e-04 -8.90738213e-03 -4.33284841e-03 -2.83775265e-05
 -3.76064671e-03  5.25847803e-03 -2.76574873e-02 -4.35262800e-03
 -1.77602370e-03  5.13412840e-04]