[-1.17441711e-02 -3.74354141e-02 -6.98604819e-02 -7.98273572e-02
 -7.95613579e-02 -1.66177154e-01 -2.61052023e-02 -2.37335240e-02
 -1.35530311e-02 -2.43797234e-02 -1.46363317e-02 -2.82722776e-06
 -8.30254246e-06 -5.07798732e-02 -5.81949959e-02 -5.54499774e-02
 -5.66018190e-02 -5.74021167e-02 -7.01693929e-02 -4.78119136e-02
 -4.86234609e-03 -6.19511758e-02 -1.50499721e-02 -8.68374252e-03
 -1.68829813e-02 -1.60232127e-03 -2.12883433e-03 -1.55071952e-03
 -3.21341628e-02 -4.04049533e-04 -3.57294027e-03 -1.02949785e-02
 -1.18043368e-03 -1.48818131e-04 -1.54504628e-02 -6.19511758e-02
 -4.78119136e-02 -2.55667238e-02 -1.27648506e-01 -2.11950312e-01
 -2.10108450e-02 -3.23565557e-02 -4.36665688e-03 -4.89565134e-03
 -3.25331316e-03 -5.95447835e-04 -1.04238398e-02 -2.94669184e-02
 -9.65916280e-03 -3.24400768e-02 -6.47909217e-02 -6.25427691e-02
 -3.62469306e-03 -1.08912757e-02 -2.05072706e-02 -4.09525630e-03
 -1.16043275e-02 -2.45083715e-04 -8.29271392e-03 -3.48474967e-06
 -3.08114840e-02 -9.06605959e-03 -1.80048522e-01 -4.20229198e-02
 -3.37512530e-03 -1.31046715e-02 -2.40170498e-01 -1.37159562e-02
 -8.28759745e-04 -1.40526744e-03 -2.23083006e-02 -6.44769430e-02
 -2.13951839e-01 -2.20456507e-01 -5.79722751e-02 -2.50148649e-01
 -2.82801331e-02 -2.32920425e-02 -1.60868214e-02 -1.13776651e-01
 -3.15981320e-02 -9.36751355e-02 -2.43766901e-01 -2.25145638e-04
 -9.16471097e-04 -6.03150196e-04 -1.63066521e-03 -8.56665088e-04
 -2.00337907e-05 -1.06077994e-03 -1.60742133e-03 -6.98570748e-04
 -1.86952704e-03 -4.46586834e-04 -1.01067264e-03 -4.02074685e-04
 -1.05325641e-04 -3.02220836e-03 -1.71767896e-03 -6.70234368e-04
 -1.02913326e-03 -8.07714684e-04 -2.89094832e-03 -4.64073873e-04
 -4.16863304e-04 -4.37287870e-04 -2.72881178e-04 -6.28234232e-05
 -3.39049038e-04 -1.12914554e-03 -6.53583747e-04 -2.44999805e-04
 -1.81440094e-04 -4.29873597e-04 -3.21811418e-04 -2.79937243e-04
 -3.70355580e-04 -4.20326902e-04 -3.98018830e-04 -6.92333059e-05
 -1.71288468e-04 -2.03902421e-04]