[-3.22157444e-03  3.80419647e-02 -2.48869512e-02 -5.28338073e-03
  1.45343498e-02 -1.74158686e-02  7.88687966e-03 -6.13489484e-02
 -3.63286824e-03  5.88634765e-02  8.27725569e-03 -4.93615232e-02
  4.09396601e-03  5.34522228e-03  3.27325994e-02 -3.99225095e-02
  1.10509908e-02  1.10509908e-02 -1.20164527e-02  3.05179998e-02
  7.53441510e-02 -7.35756116e-02  1.02281829e-01 -9.39102995e-02
 -2.21310760e-01 -1.74950849e-02  1.02281829e-01  3.62757366e-01
 -1.20659615e-01 -5.60883625e-02 -5.60883625e-02  2.73345254e-02
 -2.55659860e-02 -1.22803318e-01  1.24571857e-01  2.12105690e-01
 -2.10337150e-01 -1.12206051e-01  1.90326672e-02 -1.53204462e-02
 -3.43234257e-02  2.71292399e-02  1.25893731e-02  6.07779274e-02
  1.48989234e-03 -2.11996996e-02  2.18876208e-02  4.02261723e-02
  1.68526867e-03 -2.07556652e-02  2.25242046e-02 -2.42645981e-04
  9.98717126e-02 -1.02707594e-01  4.84706688e-03  1.70140218e-02
  4.85381816e-02 -9.01558542e-02  2.63721903e-02 -1.74950849e-02
 -3.25501552e-02  1.83844826e-02  3.73732423e-02  3.63625186e-02
 -2.82518553e-02 -2.30731831e-02  1.66533120e-02 -5.63473769e-03
 -1.74950849e-02 -3.15305292e-02  1.81883063e-02  3.66393785e-02
  3.63625186e-02 -1.33700433e-02 -2.38951979e-02  9.51886431e-03
 -1.26496729e-02  1.76853946e-03 -5.63473769e-03  1.81812593e-02
 -2.89592414e-02  1.81812593e-02  3.64460124e-02 -1.71823881e-02
 -1.74950849e-02  8.31243678e-02 -1.74950849e-02  3.92474705e-03
 -1.01155870e-01  3.33703795e-02  9.89092455e-03 -1.87911055e-01
  1.10936984e-01  9.89092455e-03  1.23108690e-01 -6.45506094e-02
  2.17691145e-02 -3.12573584e-02  9.89092455e-03  3.17500574e-02
  2.04515632e-02  7.28961552e-02 -1.69854348e-02 -1.27167330e-01
  2.08235285e-02  1.23052035e-02  1.24447160e-02  2.42660062e-02
  7.54473349e-03 -2.27334394e-02 -6.89255418e-02  3.68668614e-02]