[-0.00139752  0.04458889 -0.01767686 -0.02715264  0.00726409 -0.00689469
 -0.02053065 -0.07563391 -0.00168464  0.09658048  0.00578988 -0.03046797
 -0.01973476  0.01675438  0.03662774 -0.02062107  0.00526509  0.00526509
  0.01111913 -0.01126623  0.16570872 -0.16697745  0.06543954 -0.0590805
 -0.28776954 -0.00854529  0.06543954  0.44015429 -0.08211011 -0.06739832
 -0.06739832  0.02970635 -0.03097508 -0.15417789  0.15290917  0.27105729
 -0.27232601 -0.19119895  0.01617214 -0.02979241 -0.0433441   0.03136595
  0.01154363  0.09005277  0.00968701 -0.01038592  0.03967531  0.06866106
  0.00629477 -0.05151698  0.05024826  0.00147066  0.18689714 -0.21297122
  0.02333469  0.01953913  0.14270785 -0.20073488  0.03721918 -0.00854529
 -0.04876654  0.01610268  0.06433766  0.03405636 -0.04520405 -0.06743568
  0.056418   -0.00223187 -0.00854529 -0.04862569  0.01605879  0.06420661
  0.03405636 -0.03397195 -0.0677011   0.04868172 -0.00542816 -0.00126873
 -0.00223187  0.01702818 -0.03309322  0.01702818  0.05808234 -0.05080578
 -0.00854529  0.18357887 -0.00854529 -0.04637325 -0.14571078  0.01578172
  0.00874263 -0.21558551  0.1512345   0.00874263  0.16549349 -0.03131775
  0.01028325 -0.10760459  0.00874263  0.05274303  0.03316621  0.06258995
  0.01601861 -0.21467787  0.04889134  0.04658508  0.05784265  0.02407782
 -0.02045942 -0.08147367 -0.05958649  0.03174531]