[-0.08891347 -0.08903192 -0.10625196 -0.13392898 -0.12692836 -0.07335269
 -0.06916769 -0.04074542 -0.06295871 -0.10160681 -0.11190851 -0.05053443
 -0.04605435 -0.0677628  -0.0616542  -0.13372561 -0.07017454 -0.04763033
 -0.11052252 -0.08565347 -0.16164566 -0.03261762 -0.10708953 -0.07787849
 -0.04472811 -0.05404328 -0.05629672 -0.06005591 -0.05167731 -0.0524087
 -0.03900227 -0.07018917 -0.05374706 -0.06178824 -0.22434557 -0.03525236
 -0.10132208 -0.15638351 -0.00934638  0.         -0.03408736 -0.00733774
 -0.00733774 -0.07325614 -0.03750976 -0.00143766 -0.04577447 -0.00509055
 -0.00195408 -0.02810198 -0.02112004 -0.00143766 -0.03627154 -0.10858937
 -0.23799713 -0.0061651  -0.13624814 -0.00463126 -0.062566   -0.0079746
 -0.00119674 -0.08196487 -0.0107637  -0.0029382  -0.00813762 -0.00809845
 -0.00412418 -0.07917154 -0.08384597 -0.05693625 -0.03774115 -0.03378546
 -0.03873425 -0.00837012 -0.1102504  -0.05744005 -0.02311424 -0.03501067
 -0.07946667 -0.05961546 -0.1034409  -0.00173824 -0.03168683 -0.03307567
 -0.01837828 -0.00036021 -0.10355583 -0.02715869 -0.0229285  -0.08556447
 -0.03807471 -0.00461002 -0.0227884  -0.01716044 -0.01103297 -0.00674198
 -0.04114707 -0.03637315 -0.04657162 -0.00744191 -0.05295738 -0.06495825
 -0.03329893 -0.06071673 -0.04240203 -0.12689102 -0.10590932 -0.06485204
 -0.09567192 -0.00143766 -0.01115881 -0.00370636 -0.00345707 -0.08359683
 -0.13055777 -0.00967196 -0.27083158 -0.06849494 -0.05786273 -0.00143766
 -0.00143766 -0.00143766 -0.00143766 -0.00143766 -0.00381698 -0.00381698
 -0.00381698 -0.00381698 -0.00381698 -0.00381698 -0.00381698 -0.00381698
 -0.00381698 -0.00381698 -0.00381698 -0.00381698 -0.00381698 -0.00381698
 -0.00381698 -0.00381698 -0.00381698 -0.00381698 -0.00143766 -0.02398928
 -0.00835376 -0.15846767 -0.0280187  -0.0728323  -0.22396529 -0.00895603
 -0.01096824 -0.00193052 -0.00613065 -0.0664745  -0.02635783 -0.03128185
 -0.03629129 -0.04249317 -0.00195408 -0.00233086 -0.09787987 -0.00133432
 -0.00404155 -0.03052936 -0.01468988 -0.01154485 -0.00614619 -0.19830197
 -0.03889335 -0.03626317 -0.1427194  -0.03119653 -0.01483324 -0.00638535
 -0.00143766 -0.00143766 -0.00143766 -0.00143766 -0.00143766 -0.00143766
 -0.00143766 -0.00233086 -0.01560312 -0.00159508 -0.02668162 -0.01133952
 -0.00143766 -0.00174856 -0.00173824 -0.00703161 -0.00350842 -0.00215747
 -0.0086468  -0.02639472 -0.08258682 -0.02615557 -0.02437641 -0.01017904
 -0.01113167 -0.01093604 -0.01004824 -0.01004824 -0.06081627 -0.11475718
 -0.13678031 -0.1476231  -0.25826865 -0.08653373 -0.06424969 -0.00143766
 -0.00307648 -0.10465932 -0.00803071 -0.01945265 -0.00233086 -0.10581111
 -0.2620899  -0.08764059 -0.00616159 -0.00420109 -0.03899674 -0.0420257
 -0.14319716 -0.00913435 -0.0523639  -0.02690074 -0.03187629 -0.0456823
 -0.07190265 -0.00892916 -0.03388947 -0.02818252 -0.01731658 -0.0023415
 -0.02427791 -0.02498996 -0.02001006 -0.01669334 -0.01397775 -0.04977978
 -0.02208604 -0.04655885 -0.00503246 -0.03692849 -0.03827962 -0.0018699
 -0.08413686 -0.11748511 -0.0763531  -0.09970876 -0.00628114 -0.08906896
 -0.00594977 -0.00043769 -0.01853025 -0.00795974 -0.00615944 -0.01245634
 -0.00571702 -0.10302322 -0.0454578  -0.00233086 -0.07238425 -0.00263564
 -0.07639965 -0.00656618 -0.00556978 -0.00036239 -0.05830847 -0.03139518
 -0.00978647 -0.10428397 -0.01275952 -0.02315845 -0.02229084 -0.00825382
 -0.09190705 -0.01160688 -0.00764616 -0.10488778 -0.20296482 -0.08826731
 -0.03886191 -0.00143766 -0.00143766 -0.00143766 -0.00143766 -0.00143766
 -0.00426681 -0.00657622 -0.00275729 -0.00889964 -0.07441878 -0.0652501
 -0.14166028 -0.01014191 -0.02721931 -0.04232053 -0.07828952 -0.00234922]